# "AllTogether.dat" produced by dat_write() from ADMButils; Sat Nov 26 21:24:38 2011
# Modify parameterization to allow for multiple phase declarations for each parameter;  merrors: 0  std: 0.2 

# Simulation 
 1 

# Trophic 
 0 

# nsp 
 3 

# nFIC 
 2 

# o 
 0.001 

# p 
 1e-30 

# Nint 
 3 

# Binsize 
 5 

# EcoB 
 2e+05 

# Owt 
 10 

# Fyr 
 1 1 1 

# Lyr 
 35 35 35 

# FHfyr 
 1 

# FHlyr 
 35 

# Nage 
 10 6 11 

# Mnseg 
 2 

# Nseg 
 1 1 2 

# agePR 
 1 1 1 

# ageFR 
 4 5 6 

# ficFR 
 5 5 5 

# FICs_lage 
 1 1 1 

# aAge1ph 
 1 1 1 

# aFtph 
 1 1 1 

# dAge1ph 
 3 3 3 

# dFtph 
 3 3 3 

# ficph 
 4 4 4 

# fishph 
 4 4 4 

# Yr1ph 
 2 2 2 

# Pred 
 1 1 2 

# Prey 
 2 3 3 

# Rhoph 
 5 5 6 

# M1yr 
 1 17 

# TCwt 
 200 200 200 

# CPwt 
 50 50 50 

# Bwt 
 1e+20 1e+20 1e+20 

# Ywt 
 1e-15 1e-15 1e-15 

# Rwt 
 1e+06 1e+06 1e+06 

# FHwt 
 1 1 1 

# Bthres 
 1e-05 1e-05 1e-05 

# Rthres 
 0.5 0.5 0.5 

# TSwt 
 50 50 50 50 50 50 

# SPwt 
 50 50 50 50 50 50 

# iM2 
 0 0 0 0 0 0 0 0 0 0 0 0 0 0 0 0 0 0 0 0 0 0 0 0 0 0 0 

# Eta 
0 2 1
0 0 3
0 0 0

# Sigma1 
-99 0.5 0.25
-99 -99 1
-99 -99 -99

# Sigma2 
-99 0.5 0.25
-99 -99 1
-99 -99 -99

# fic_fage 
1 1
1 1
1 1

# fic_lage 
10 10
6 6
11 11

# FICmonth 
4 10
4 10
4 10

# FICyr 
 0 0 17 

# TotC.tmt 
4531.19829901184 3393.58974903961 2657.2998498932 2274.66699029513 2110.06486866751 2012.59844653554 1907.97728099147 1784.23336780006 1663.76400215317 373.988181482233 501.903104351769 636.754696534765 764.505175364601 886.243016463175 1013.41694667037 1149.78341302337 1291.31812493267 1430.11302266393 2977.72422873742 2910.44694813829 1480.42232247825 1571.43372793891 1649.68248224794 3275.26151971071 3070.96030630694 2877.26117023192 2703.31897773252 3667.25647864345 3204.20361147070 2877.84569141939 2665.01289947808 2540.31591291136 2476.77418598472 2447.62683171988 2434.14149463430
1635.79927242784 1948.26298346951 2234.45894551781 2404.71680459573 2384.59517452244 2248.44509908396 3944.9928279338 3349.38795243678 2992.32352153565 4104.17106050868 3915.82001400647 4029.89323997841 5416.66082088579 5288.05270513896 5192.66083596654 6072.55742279692 5027.79166121505 4320.52827925498 2673.21240238163 2999.76921345197 5110.50603313634 4954.80426322384 4828.61355036835 2967.94154648398 3172.47037185724 3308.59523170501 3425.7852062933 2411.27137467323 2524.00463887925 2539.50798213174 2516.05135449569 2476.78218487373 2431.96348565306 2409.42210121791 2412.97822158728
7829.50872165126 6174.93725278497 5483.30295773805 5363.7979796254 5040.64274423521 0 0 0 0 0 0 0 0 0 0 0 0 0 0 0 0 3048.78938054347 2571.84307290006 2195.22306201061 1953.48368221385 1861.97874328124 3769.54022520693 4059.21637250351 4528.89553658123 4830.97168014648 2466.56239569280 2423.39150963137 2271.09692434130 2128.96867927552 2094.45211572319

# WeightAtAge.1 
4 7 17 45 80 120 161 199 234 265
4 7 17 45 80 120 161 199 234 265
4 7 17 45 80 120 161 199 234 265
4 7 17 45 80 120 161 199 234 265
4 7 17 45 80 120 161 199 234 265
4 7 17 45 80 120 161 199 234 265
4 7 17 45 80 120 161 199 234 265
4 7 17 45 80 120 161 199 234 265
4 7 17 45 80 120 161 199 234 265
4 7 17 45 80 120 161 199 234 265
4 7 17 45 80 120 161 199 234 265
4 7 17 45 80 120 161 199 234 265
4 7 17 45 80 120 161 199 234 265
4 7 17 45 80 120 161 199 234 265
4 7 17 45 80 120 161 199 234 265
4 7 17 45 80 120 161 199 234 265
4 7 17 45 80 120 161 199 234 265
4 7 17 45 80 120 161 199 234 265
4 7 17 45 80 120 161 199 234 265
4 7 17 45 80 120 161 199 234 265
4 7 17 45 80 120 161 199 234 265
4 7 17 45 80 120 161 199 234 265
4 7 17 45 80 120 161 199 234 265
4 7 17 45 80 120 161 199 234 265
4 7 17 45 80 120 161 199 234 265
4 7 17 45 80 120 161 199 234 265
4 7 17 45 80 120 161 199 234 265
4 7 17 45 80 120 161 199 234 265
4 7 17 45 80 120 161 199 234 265
4 7 17 45 80 120 161 199 234 265
4 7 17 45 80 120 161 199 234 265
4 7 17 45 80 120 161 199 234 265
4 7 17 45 80 120 161 199 234 265
4 7 17 45 80 120 161 199 234 265
4 7 17 45 80 120 161 199 234 265

# WeightAtAge.2 
5 34 67 92 108 118
5 34 67 92 108 118
5 34 67 92 108 118
5 34 67 92 108 118
5 34 67 92 108 118
5 34 67 92 108 118
5 34 67 92 108 118
5 34 67 92 108 118
5 34 67 92 108 118
5 34 67 92 108 118
5 34 67 92 108 118
5 34 67 92 108 118
5 34 67 92 108 118
5 34 67 92 108 118
5 34 67 92 108 118
5 34 67 92 108 118
5 34 67 92 108 118
5 34 67 92 108 118
5 34 67 92 108 118
5 34 67 92 108 118
5 34 67 92 108 118
5 34 67 92 108 118
5 34 67 92 108 118
5 34 67 92 108 118
5 34 67 92 108 118
5 34 67 92 108 118
5 34 67 92 108 118
5 34 67 92 108 118
5 34 67 92 108 118
5 34 67 92 108 118
5 34 67 92 108 118
5 34 67 92 108 118
5 34 67 92 108 118
5 34 67 92 108 118
5 34 67 92 108 118

# WeightAtAge.3 
4 26 52 71 83 91 95 97 98 99 100
4 26 52 71 83 91 95 97 98 99 100
4 26 52 71 83 91 95 97 98 99 100
4 26 52 71 83 91 95 97 98 99 100
4 26 52 71 83 91 95 97 98 99 100
4 26 52 71 83 91 95 97 98 99 100
4 26 52 71 83 91 95 97 98 99 100
4 26 52 71 83 91 95 97 98 99 100
4 26 52 71 83 91 95 97 98 99 100
4 26 52 71 83 91 95 97 98 99 100
4 26 52 71 83 91 95 97 98 99 100
4 26 52 71 83 91 95 97 98 99 100
4 26 52 71 83 91 95 97 98 99 100
4 26 52 71 83 91 95 97 98 99 100
4 26 52 71 83 91 95 97 98 99 100
4 26 52 71 83 91 95 97 98 99 100
4 26 52 71 83 91 95 97 98 99 100
4 26 52 71 83 91 95 97 98 99 100
4 26 52 71 83 91 95 97 98 99 100
4 26 52 71 83 91 95 97 98 99 100
4 26 52 71 83 91 95 97 98 99 100
4 26 52 71 83 91 95 97 98 99 100
4 26 52 71 83 91 95 97 98 99 100
4 26 52 71 83 91 95 97 98 99 100
4 26 52 71 83 91 95 97 98 99 100
4 26 52 71 83 91 95 97 98 99 100
4 26 52 71 83 91 95 97 98 99 100
4 26 52 71 83 91 95 97 98 99 100
4 26 52 71 83 91 95 97 98 99 100
4 26 52 71 83 91 95 97 98 99 100
4 26 52 71 83 91 95 97 98 99 100
4 26 52 71 83 91 95 97 98 99 100
4 26 52 71 83 91 95 97 98 99 100
4 26 52 71 83 91 95 97 98 99 100
4 26 52 71 83 91 95 97 98 99 100

# Catch.1 
0.238651558920202 3.93350271138859 12.8194673652713 10.7874577758984 8.27038429485541 6.11289273967574 4.31498311035935 3.23623733276951 2.51707348104295 1.79790962931639
0.292198564259164 4.29800058064756 13.2260722597708 7.93523764160998 5.35689299678149 4.10695129753248 3.03557269817618 2.14275719871260 1.60706789903445 2.14275719871260
0.283885083392719 5.26235656927006 14.4516657094445 8.18692566983775 3.94052239491592 2.66015433618481 2.03945165774169 1.50742079050473 1.06406173447392 1.86210803532937
0.253993855276633 5.11263474992453 17.6942316679567 8.94556680507773 4.06550697087407 1.95680551057617 1.32099354916637 1.01276172102755 0.748563011194276 1.45309290408301
0.221554435509834 4.57430800954835 17.1908046343881 10.9527119318007 4.44223700948587 2.01887101419759 0.971720858930174 0.655985982919274 0.502922586904777 1.09330997153212
0.19955941027761 3.99008955472488 15.380726215739 10.641091095088 5.43895578199307 2.20594961486898 1.00254167590098 0.482542297932290 0.325752998610874 0.792665629953127
0.194677153343443 3.59396965654702 13.4163407644172 9.52065434115222 5.28420945412634 2.70090550930907 1.09544215964826 0.497847462690838 0.239623413610911 0.555390254431426
0.192820564040178 3.50604254124610 12.0844209003060 8.30470168634936 4.72781702829408 2.62406075707477 1.34122998285214 0.543980477634848 0.247223733502112 0.394792103863127
0.187998100740957 3.47260625472211 11.7887733652996 7.48024460555559 4.12399280981283 2.34776445526561 1.30307000821909 0.666035098488775 0.270132710742897 0.318815629636913
0.0359305358729961 0.698394511290179 2.72733246721366 1.75325034537243 0.892472864846242 0.492036273097996 0.280113309104743 0.155470132950837 0.0794650821973055 0.0702678107872074
0.0338940312895592 0.668363230163904 2.83612707923902 2.4289165638208 1.29883980126841 0.661160159742108 0.364509436347321 0.207513043240244 0.115175107261789 0.110924855358313
0.0422681737160948 0.630481112668059 2.71417232694704 2.52580722103973 1.79938564699408 0.962204190526259 0.489799493125789 0.270035232056518 0.153729443461486 0.167498972004427
0.0504204056692659 0.786253041643333 2.56033592429490 2.41719636356650 1.87116401127569 1.33301767332637 0.712818396358156 0.362852388988254 0.200047020133485 0.237971863177865
0.0554279641542128 0.937897094504839 3.19291389965146 2.28019224286899 1.79070310909566 1.38619239343692 0.987523780890929 0.528068856059244 0.268807661180389 0.324492369759707
0.0577338415012167 1.03104538419537 3.80872888355154 2.84355558075404 1.68920796017446 1.32658549104946 1.02691658242847 0.7315756102405 0.39120303034324 0.43952747325145
0.0585047486482979 1.07393824940208 4.18699701496637 3.39199007952715 2.10655778574378 1.25139603541784 0.982758703061447 0.76075851538321 0.541964541872509 0.615420293539045
0.0584986975257136 1.08827830803079 4.3611816835918 3.72886933462497 2.51284805528535 1.56057639059793 0.927056984326399 0.728045553761454 0.563583769734655 0.857411774413591
0.057528687754143 1.08816574784379 4.41941557280096 3.88399527980179 2.76241434563149 1.86156362516000 1.15610342492065 0.686780705599242 0.539349411712796 1.05269939061255
0.111272866349702 2.12371129926897 8.49417296600404 7.50963257252296 5.48996634062733 3.90462930149516 2.63129095347051 1.63413403772784 0.97075374337853 2.25033598337644
0.106447750252610 2.05311106168544 8.2198236200114 6.90464241748593 5.03385725172433 3.68003449018342 2.61735129313034 1.76380707306352 1.09539280339813 2.15916101392332
0.0536157064730956 0.989686165616176 4.13407435909569 3.50189610670815 2.42573897556451 1.76849473073536 1.29286971786585 0.919527856853476 0.619660701279936 1.14338984778642
0.0543294480235461 0.997334603985402 4.01904036884108 3.68173730470526 2.59426844278377 1.79703163171599 1.31013311970836 0.957781443962651 0.681202990781465 1.30609997073126
0.0526031449861942 1.01061129459329 4.05010009629052 3.57928996185628 2.72749807908926 1.92188133175380 1.33127377591661 0.970570486598539 0.709541945118378 1.47223024390337
0.101532310714583 1.94188148114363 7.88878638634097 6.88207820786702 5.05927015826318 3.85527570700083 2.71654908461857 1.88173457829614 1.37188614268970 3.08390073050178
0.098546438926166 1.87338672117484 7.51605139147754 6.41254296605637 4.61319498111829 3.39133020539371 2.58426858939688 1.82095730745960 1.26136440915032 2.98680326196271
0.102808971717826 1.81829398744128 7.25094245410347 6.1095585711876 4.29845609621242 3.09231707211459 2.27327661940157 1.73228703981297 1.22062418616525 2.8476319488676
0.106752935143180 1.89694257008720 7.03770605319062 5.89405996743021 4.09535958269591 2.88134128829529 2.07284212213665 1.52382288816900 1.16118672827437 2.72703363971999
0.164980319177094 2.93180971146009 10.5909912802200 8.1931483315436 5.65843536883253 3.93164094679499 2.76615500104523 1.98997689923703 1.46290559883994 3.73278245787289
0.168745154498193 3.01952736661492 10.8215269898918 7.85974257866999 4.9693956626546 3.43201453719929 2.38466077721277 1.67775781765136 1.20698200150714 3.15134410469909
0.174536120132846 3.08843269629036 11.1452993578723 8.03082678460217 4.76717485141218 3.01409082964299 2.08162204139084 1.4463698743937 1.01761155597811 2.64345840844005
0.175658891925528 3.19442096992312 11.3996340378877 8.27110339319183 4.87094266770264 2.89143770759251 1.82813849933716 1.26256759003714 0.87726767410449 2.22055118077266
0.174322575551402 3.21497033103100 11.7908446131326 8.45984919241485 5.01667779762404 2.9543760696641 1.75374562030407 1.10882205004903 0.765785953317018 1.87892211371887
0.172498816325995 3.19051260248341 11.8666938283749 8.75017276403567 5.13115791174477 3.04276889415863 1.79191966657258 1.06370048805117 0.672534569520155 1.6040965286466
0.171115426817887 3.15713352479281 11.7764185391723 8.80646166946723 5.30724805917007 3.11220459330025 1.84553262472711 1.08685421751831 0.645166958754325 1.38084656189338
0.170507872199153 3.13181424732229 11.6532138889132 8.73946694578419 5.34138900611598 3.21900866658702 1.88764750513509 1.11937212039692 0.659210405562839 1.22883931726517

# Catch.2 
0.00498372164743357 0.197662816401934 4.00629352075726 5.66207548650378 4.29920053680926 3.1814199104869
0.00367700734453945 0.216074738006132 4.34190898350462 5.92867966635546 4.23275813585977 5.48655718193401
0.0029337078895259 0.159481416592549 4.74703412666472 6.42544956199523 4.432080794366 7.12851302400503
0.00232138882088358 0.127247518088919 3.50407257408897 7.02509963066394 4.80347378971983 8.4789964767951
0.00215929947679220 0.100672616489120 2.79605975922416 5.18573376957837 5.25178162514574 9.74191171931747
0.00227563452471604 0.0936254652091502 2.21222815973263 4.1379923473229 3.87673860282656 10.9970178248573
0.0051982147829156 0.197169816437205 4.01800203730884 6.25245829592067 5.90286774218898 20.8162800611883
0.00599569588269255 0.225208956107589 4.22690908576101 5.53135273839241 4.23354313167548 17.7321258521243
0.00736998428499676 0.259801852950047 4.82798126633621 5.81895345287211 3.74528557132102 14.5774924101907
0.0122492413070353 0.478680602668673 8.15943487490782 9.52725784110572 5.64331066230434 17.4166717312033
0.01259005018507 0.530400162573869 10.0130617491526 10.4546134771272 5.84289393994194 13.8473842002151
0.0128010301088436 0.544972745427847 11.0942064616971 12.8295307365840 6.41160611666679 11.8238816964735
0.0164444221458379 0.738077641875396 14.8458211657541 18.1262054994338 10.0255461432560 13.9529156900526
0.0156737639794204 0.711102231696806 15.0641176553446 17.7139768555995 10.0688764610407 13.0286139747944
0.0159861512803840 0.677744694079461 14.5124256029257 17.9740852650277 9.83982192333105 12.5499021873993
0.0204002882787066 0.86307026931594 16.8925339063470 20.7167498439280 11.9366276148386 14.5441906138101
0.0209902849615368 0.88077848309502 17.1930396220555 17.2932458961274 8.82931608631471 11.0276426010303
0.0223659717270164 0.905968649141644 17.5452265516191 17.600723047658 6.6192088213023 6.60968019730393
0.0147412312379486 0.580080325627995 11.3439902011376 11.7369825095418 4.39460850056039 2.87244502321607
0.0150322830176686 0.637165521580818 12.1274408903668 13.3414819207061 5.45782042318188 2.95449951050810
0.0234577670790395 1.0811864323995 21.1906399524994 21.8265340230908 9.51055609432472 5.24300288534306
0.0217527745500574 1.01231808943733 21.5342108322075 21.6926938988491 8.35433462217888 4.91092017510915
0.0222227053373065 0.938651678304146 20.1609925204558 22.0439562791264 8.30304284597668 4.41550149037013
0.0136759448498180 0.57640227518536 11.7503018339740 13.4860364730486 5.50389788746172 2.76160117932908
0.0142106009579974 0.591292814307721 12.0478789827090 13.8184181130890 6.2709952587056 3.36038573711943
0.0135806363749063 0.614575111724522 12.3600000812387 14.1684647518523 6.42556329751076 3.91569640660963
0.0131399010684428 0.587422949374341 12.8478945957190 14.5357219524772 6.58836177561953 4.20431099323086
0.00848398034829142 0.379261715240196 8.38313066167069 10.5247481152642 4.70410702833715 3.05376200387005
0.00842305852102523 0.367335007611068 8.12685936679825 10.5766517663538 5.39447534404716 3.48574793297236
0.00811897504139293 0.364722676088044 7.8720357632051 10.2535990191431 5.42113132071170 3.99006040454895
0.00809714767823711 0.351557318423977 7.81649428341023 9.93227191702428 5.25558441065378 4.22864974767421
0.00816596659906684 0.350618507221990 7.53455899906356 9.86230757999988 5.09090775697176 4.26147913343215
0.00831480089641407 0.353598050396037 7.51455390084122 9.50666059753096 5.05506358358606 4.20224427608992
0.00844368149812124 0.360045476854381 7.57848563319823 9.48146809761483 4.87278224363798 4.1595275583019
0.00850299494174759 0.365631675498009 7.71675499174988 9.56217083368573 4.85987709657019 4.05843391584519

# Catch.3 
0.0109747333998102 0.163859454711948 2.31356585377617 16.1519740382574 20.5812890714558 16.0364188197120 11.7602567872379 8.55298728245548 6.41476695867667 4.63290592463400 3.56378780583023
0.0163183917602057 0.174321701380974 2.48600730108742 17.1704772331784 17.3544911466489 10.6526161696747 7.80311304491524 5.72256434021458 4.16196085026486 3.12151088092095 3.98866294352669
0.0212610891358973 0.259059299437447 2.64472667902323 18.4514648961641 18.4496372363580 8.98273107714695 5.18353095112472 3.79707318126515 2.78469254448809 2.02529324584671 3.45998718382966
0.0231113328465656 0.337701069448591 3.93044206663179 19.6306598840492 19.8268723751996 9.54987942741221 4.37108045149249 2.52241511108589 1.84775660705865 1.35511468710517 2.66932622037648
0.0155307509773603 0.293977797032809 4.10838280368816 23.8870191749373 17.6087836502682 8.58372310714446 3.88675802517487 1.77904862340982 1.02664430021107 0.752057259841427 1.63800546566358
0 0 0 0 0 0 0 0 0 0 0
0 0 0 0 0 0 0 0 0 0 0
0 0 0 0 0 0 0 0 0 0 0
0 0 0 0 0 0 0 0 0 0 0
0 0 0 0 0 0 0 0 0 0 0
0 0 0 0 0 0 0 0 0 0 0
0 0 0 0 0 0 0 0 0 0 0
0 0 0 0 0 0 0 0 0 0 0
0 0 0 0 0 0 0 0 0 0 0
0 0 0 0 0 0 0 0 0 0 0
0 0 0 0 0 0 0 0 0 0 0
0 0 0 0 0 0 0 0 0 0 0
0 0 0 0 0 0 0 0 0 0 0
0 0 0 0 0 0 0 0 0 0 0
0 0 0 0 0 0 0 0 0 0 0
0 0 0 0 0 0 0 0 0 0 0
0.00123162149574377 0.0160184603277520 0.231428895375498 2.21058136745696 4.5103894017842 5.34300045364628 5.42526390362736 4.60372520559762 3.23962857315161 1.93344385330134 5.47951075376839
0.00157478376482196 0.0195510119395909 0.245308073261400 1.90495036828042 3.14446402280278 3.44517142318391 3.87818411864724 3.93802472040184 3.3417488537158 2.35160313451043 5.38103850963555
0.00239562900609868 0.0250289809372730 0.299452739187753 2.01919240344489 2.70965061835739 2.40176307948821 2.50057835907433 2.81496257867976 2.85844388820583 2.42565799503018 5.61293124554617
0.00309780885737369 0.0381127177235822 0.383445217958333 2.46497389246580 2.87215984832618 2.06963364808892 1.74323185351231 1.81501308310028 2.04323770831785 2.07481995291419 5.83494367333483
0.00342200627765527 0.0492922079301058 0.583970863813692 3.15663115317407 3.50637936981024 2.19380304947944 1.50218978012463 1.26531846109895 1.31744053671488 1.48311339899828 5.74149276922065
0.00604997439441383 0.108875571972970 1.5072021649573 9.38977282509033 8.58791478280682 5.11111184059646 3.03873524070711 2.08080775764982 1.75272154373184 1.82493706505797 10.0077509172595
0.00439859657001938 0.0962087178746693 1.66429112162386 12.0880502018279 12.4427168540206 5.95104785412083 3.35691251184063 1.99585233196098 1.36669919801079 1.15121754266852 7.77200372235251
0.00331539392899819 0.0699164087616877 1.47055308661562 13.3481976646595 16.0188326015455 8.62254083306344 3.90869104526588 2.20489616161858 1.31093631436263 0.897696180922717 5.86115074249678
0.0027801487873851 0.052673312892079 1.06855897366758 11.7943955503970 17.6892375687171 11.1010846544354 5.66353743912791 2.56740114248165 1.44828936769576 0.861096583098148 4.43963593651318
0.00150725470206423 0.0220866237409288 0.4034132276826 4.38823147818515 8.17290305984624 6.42395042109675 3.82099786937449 1.94943559486725 0.883729854823807 0.498521752171797 1.82460519848601
0.00195638227156966 0.0239588333948118 0.338364850655858 3.32158850263459 6.24338705797702 6.24372139630625 4.66342480941801 2.77388850533406 1.41522527391234 0.641562610324947 1.68653908459197
0.00229429770572134 0.0311145632523265 0.367075551437102 2.78604343217482 4.72589810817645 4.7697532530912 4.53267620386174 3.38551974371838 2.01378781996455 1.02743184286489 1.69018053829131
0.00263260044534309 0.0365047190085566 0.476755766378093 3.02250908231279 3.96399004324495 3.61049004909851 3.46268622182735 3.29064456504327 2.45785283167104 1.46199843358058 1.97298677115318
0.00267587910793502 0.0418963324194541 0.559379822380177 3.92569951930794 4.30048176822602 3.0284372735554 2.62112310551008 2.51387308571177 2.38899568941892 1.78440280533387 2.49382072644317

# TotFIC1 
64.6694477393709 56.7453610187731 53.856912082362 52.5959391077761 50.5202307806516 47.4552617089786 44.1842069221608 41.4151555396257 39.3347032266446 40.9843813289569 47.4276958490104 54.1803826960225 61.0563539365112 68.2820914785236 75.7457527630932 83.242929256926 89.9868955303566 95.3786047949419 96.6540497042786 92.7228540075293 91.6559094253168 94.682138395142 96.7662187734138 95.3246693251067 89.6048018592674 85.4550548473063 82.798711128357 79.5493399705641 75.0549285003793 72.9568529585283 72.2170625567178 72.0762467067809 72.042977136489 71.931444642368 71.7041184906351
58.8532356101786 52.7940524307878 50.7410163001644 49.4268664779256 47.1343445372565 44.0435909150554 41.0086127574932 38.5783102681591 36.7545274564573 43.1025630352317 49.7260760537256 56.7590274180574 64.0125535585499 71.6174562947231 79.4124746470741 87.195517892365 94.1730770167653 99.7341563443766 97.270681008339 93.3211961708217 95.7942982248397 98.927332930895 101.070714905902 95.7681505758904 90.0769416721818 86.006006625819 83.4655105063623 77.5241404076156 73.4059365838526 71.5394721613781 70.9151882265415 70.7914592861263 70.7341119651447 70.5990215238278 70.3657601171332

# TotFIC2 
68.4122612128137 74.6941888210292 76.9270711830402 75.3308552611531 71.2169395703053 66.317576233258 60.9367474001281 55.8211690704368 54.7777069502371 55.6228177305646 56.7746176491288 58.9999313929325 59.7093823752948 58.2473395742037 57.0532501876946 55.26279055376 51.2077990228444 48.6724090743484 51.0882000831838 55.74872582 56.8227623881354 54.5974185348034 52.7275484116883 53.1121769597947 55.6594215641569 57.0559753120361 57.4590337732268 57.9180180437516 58.6584402079724 58.2044598336361 57.3859609351352 56.6755750009526 56.3302497285489 56.4293233070072 56.8392756210489
47.877143358079 52.1588462077657 53.5393899592071 52.2617994109933 49.3292169896486 45.9289646697654 40.7167796353784 37.5071596652288 37.0269711532299 36.7430661223432 37.6901998186418 39.1759460137457 38.5801262446939 37.6245317453244 36.8399615946387 34.8833600285084 31.1341151067415 30.2324042734102 33.1994523048100 36.084387540438 35.2269669977026 33.8408854282935 32.6235191940721 34.223062653693 35.7308023919532 36.5360544752345 36.6659674531673 37.6276229843934 37.8831017338999 37.4846718213289 36.9286839571531 36.4781863532019 36.3077515201514 36.4362777769514 36.7401843174434

# TotFIC3 
71.4835076628453 72.2642555081535 83.3695551978892 99.5565745159275 112.667166767351 119.222199687121 119.153461509496 109.847386250075 96.528275617349 83.6128468248245 73.5955479896646 68.160644142687 68.4826617562906 74.5236539976526 84.3054449872125 93.9656754321444 33.1811338101029 33.1173037179313 31.5085918589057 29.1771284110602 26.9101509252892 24.7231389840664 22.8995746738332 23.3301036902603 26.0867285160692 30.1277449262866 33.2398765337363 33.6484516327614 31.8467351347187 28.7882552048465 26.2434276613168 25.5071783659122 26.0145334772362 27.5717924274100 29.5765487994791
58.0588989179728 59.8676736302623 70.2116015261757 84.7106935616245 96.6190967205081 106.660241912574 106.642445617561 98.3480761296095 86.4366062632794 74.8709435526921 65.8897941942933 61.0021687350599 61.2625031707629 66.6492800490344 75.3960797732167 84.0469601598425 29.6859927766476 29.6369216372472 28.2011307220452 26.1144937948310 24.0831813348378 21.3693836544630 19.8551095270218 20.3245037294786 22.8384805845663 26.4658663819870 28.7575445463856 29.0345282622702 27.2973860479830 24.492885917354 22.8385240067841 22.1972720370169 22.6936956695365 24.1213037279343 25.9190210623839

# M11 
0.2 0.2 0.2 0.2 0.2 0.2 0.2 0.2 0.2 0.2
0.2 0.2 0.2 0.2 0.2 0.2 0.2 0.2 0.2 0.2

# M12 
0.21 0.21 0.21 0.21 0.21 0.21
0.21 0.21 0.21 0.4 0.6 0.6

# M13 
0.22 0.22 0.22 0.22 0.22 0.22 0.22 0.22 0.22 0.22 0.22
0.22 0.22 0.22 0.22 0.22 0.22 0.22 0.22 0.22 0.22 0.22

# CBratio1 
0.1125 0.0642857142857143 0.0264705882352941 0.01 0.005625 0.00375 0.00279503105590062 0.00226130653266332 0.00192307692307692 0.00169811320754717
0.1125 0.0642857142857143 0.0264705882352941 0.01 0.005625 0.00375 0.00279503105590062 0.00226130653266332 0.00192307692307692 0.00169811320754717
0.1125 0.0642857142857143 0.0264705882352941 0.01 0.005625 0.00375 0.00279503105590062 0.00226130653266332 0.00192307692307692 0.00169811320754717
0.1125 0.0642857142857143 0.0264705882352941 0.01 0.005625 0.00375 0.00279503105590062 0.00226130653266332 0.00192307692307692 0.00169811320754717
0.1125 0.0642857142857143 0.0264705882352941 0.01 0.005625 0.00375 0.00279503105590062 0.00226130653266332 0.00192307692307692 0.00169811320754717
0.1125 0.0642857142857143 0.0264705882352941 0.01 0.005625 0.00375 0.00279503105590062 0.00226130653266332 0.00192307692307692 0.00169811320754717
0.1125 0.0642857142857143 0.0264705882352941 0.01 0.005625 0.00375 0.00279503105590062 0.00226130653266332 0.00192307692307692 0.00169811320754717
0.1125 0.0642857142857143 0.0264705882352941 0.01 0.005625 0.00375 0.00279503105590062 0.00226130653266332 0.00192307692307692 0.00169811320754717
0.1125 0.0642857142857143 0.0264705882352941 0.01 0.005625 0.00375 0.00279503105590062 0.00226130653266332 0.00192307692307692 0.00169811320754717
0.1125 0.0642857142857143 0.0264705882352941 0.01 0.005625 0.00375 0.00279503105590062 0.00226130653266332 0.00192307692307692 0.00169811320754717
0.1125 0.0642857142857143 0.0264705882352941 0.01 0.005625 0.00375 0.00279503105590062 0.00226130653266332 0.00192307692307692 0.00169811320754717
0.1125 0.0642857142857143 0.0264705882352941 0.01 0.005625 0.00375 0.00279503105590062 0.00226130653266332 0.00192307692307692 0.00169811320754717
0.1125 0.0642857142857143 0.0264705882352941 0.01 0.005625 0.00375 0.00279503105590062 0.00226130653266332 0.00192307692307692 0.00169811320754717
0.1125 0.0642857142857143 0.0264705882352941 0.01 0.005625 0.00375 0.00279503105590062 0.00226130653266332 0.00192307692307692 0.00169811320754717
0.1125 0.0642857142857143 0.0264705882352941 0.01 0.005625 0.00375 0.00279503105590062 0.00226130653266332 0.00192307692307692 0.00169811320754717
0.1125 0.0642857142857143 0.0264705882352941 0.01 0.005625 0.00375 0.00279503105590062 0.00226130653266332 0.00192307692307692 0.00169811320754717
0.1125 0.0642857142857143 0.0264705882352941 0.01 0.005625 0.00375 0.00279503105590062 0.00226130653266332 0.00192307692307692 0.00169811320754717
0.1125 0.0642857142857143 0.0264705882352941 0.01 0.005625 0.00375 0.00279503105590062 0.00226130653266332 0.00192307692307692 0.00169811320754717
0.1125 0.0642857142857143 0.0264705882352941 0.01 0.005625 0.00375 0.00279503105590062 0.00226130653266332 0.00192307692307692 0.00169811320754717
0.1125 0.0642857142857143 0.0264705882352941 0.01 0.005625 0.00375 0.00279503105590062 0.00226130653266332 0.00192307692307692 0.00169811320754717
0.1125 0.0642857142857143 0.0264705882352941 0.01 0.005625 0.00375 0.00279503105590062 0.00226130653266332 0.00192307692307692 0.00169811320754717
0.1125 0.0642857142857143 0.0264705882352941 0.01 0.005625 0.00375 0.00279503105590062 0.00226130653266332 0.00192307692307692 0.00169811320754717
0.1125 0.0642857142857143 0.0264705882352941 0.01 0.005625 0.00375 0.00279503105590062 0.00226130653266332 0.00192307692307692 0.00169811320754717
0.1125 0.0642857142857143 0.0264705882352941 0.01 0.005625 0.00375 0.00279503105590062 0.00226130653266332 0.00192307692307692 0.00169811320754717
0.1125 0.0642857142857143 0.0264705882352941 0.01 0.005625 0.00375 0.00279503105590062 0.00226130653266332 0.00192307692307692 0.00169811320754717
0.1125 0.0642857142857143 0.0264705882352941 0.01 0.005625 0.00375 0.00279503105590062 0.00226130653266332 0.00192307692307692 0.00169811320754717
0.1125 0.0642857142857143 0.0264705882352941 0.01 0.005625 0.00375 0.00279503105590062 0.00226130653266332 0.00192307692307692 0.00169811320754717
0.1125 0.0642857142857143 0.0264705882352941 0.01 0.005625 0.00375 0.00279503105590062 0.00226130653266332 0.00192307692307692 0.00169811320754717
0.1125 0.0642857142857143 0.0264705882352941 0.01 0.005625 0.00375 0.00279503105590062 0.00226130653266332 0.00192307692307692 0.00169811320754717
0.1125 0.0642857142857143 0.0264705882352941 0.01 0.005625 0.00375 0.00279503105590062 0.00226130653266332 0.00192307692307692 0.00169811320754717
0.1125 0.0642857142857143 0.0264705882352941 0.01 0.005625 0.00375 0.00279503105590062 0.00226130653266332 0.00192307692307692 0.00169811320754717
0.1125 0.0642857142857143 0.0264705882352941 0.01 0.005625 0.00375 0.00279503105590062 0.00226130653266332 0.00192307692307692 0.00169811320754717
0.1125 0.0642857142857143 0.0264705882352941 0.01 0.005625 0.00375 0.00279503105590062 0.00226130653266332 0.00192307692307692 0.00169811320754717
0.1125 0.0642857142857143 0.0264705882352941 0.01 0.005625 0.00375 0.00279503105590062 0.00226130653266332 0.00192307692307692 0.00169811320754717
0.1125 0.0642857142857143 0.0264705882352941 0.01 0.005625 0.00375 0.00279503105590062 0.00226130653266332 0.00192307692307692 0.00169811320754717

# CBratio2 
0.09 0.0132352941176471 0.00671641791044776 0.00489130434782609 0.00416666666666667 0.0038135593220339
0.09 0.0132352941176471 0.00671641791044776 0.00489130434782609 0.00416666666666667 0.0038135593220339
0.09 0.0132352941176471 0.00671641791044776 0.00489130434782609 0.00416666666666667 0.0038135593220339
0.09 0.0132352941176471 0.00671641791044776 0.00489130434782609 0.00416666666666667 0.0038135593220339
0.09 0.0132352941176471 0.00671641791044776 0.00489130434782609 0.00416666666666667 0.0038135593220339
0.09 0.0132352941176471 0.00671641791044776 0.00489130434782609 0.00416666666666667 0.0038135593220339
0.09 0.0132352941176471 0.00671641791044776 0.00489130434782609 0.00416666666666667 0.0038135593220339
0.09 0.0132352941176471 0.00671641791044776 0.00489130434782609 0.00416666666666667 0.0038135593220339
0.09 0.0132352941176471 0.00671641791044776 0.00489130434782609 0.00416666666666667 0.0038135593220339
0.09 0.0132352941176471 0.00671641791044776 0.00489130434782609 0.00416666666666667 0.0038135593220339
0.09 0.0132352941176471 0.00671641791044776 0.00489130434782609 0.00416666666666667 0.0038135593220339
0.09 0.0132352941176471 0.00671641791044776 0.00489130434782609 0.00416666666666667 0.0038135593220339
0.09 0.0132352941176471 0.00671641791044776 0.00489130434782609 0.00416666666666667 0.0038135593220339
0.09 0.0132352941176471 0.00671641791044776 0.00489130434782609 0.00416666666666667 0.0038135593220339
0.09 0.0132352941176471 0.00671641791044776 0.00489130434782609 0.00416666666666667 0.0038135593220339
0.09 0.0132352941176471 0.00671641791044776 0.00489130434782609 0.00416666666666667 0.0038135593220339
0.09 0.0132352941176471 0.00671641791044776 0.00489130434782609 0.00416666666666667 0.0038135593220339
0.09 0.0132352941176471 0.00671641791044776 0.00489130434782609 0.00416666666666667 0.0038135593220339
0.09 0.0132352941176471 0.00671641791044776 0.00489130434782609 0.00416666666666667 0.0038135593220339
0.09 0.0132352941176471 0.00671641791044776 0.00489130434782609 0.00416666666666667 0.0038135593220339
0.09 0.0132352941176471 0.00671641791044776 0.00489130434782609 0.00416666666666667 0.0038135593220339
0.09 0.0132352941176471 0.00671641791044776 0.00489130434782609 0.00416666666666667 0.0038135593220339
0.09 0.0132352941176471 0.00671641791044776 0.00489130434782609 0.00416666666666667 0.0038135593220339
0.09 0.0132352941176471 0.00671641791044776 0.00489130434782609 0.00416666666666667 0.0038135593220339
0.09 0.0132352941176471 0.00671641791044776 0.00489130434782609 0.00416666666666667 0.0038135593220339
0.09 0.0132352941176471 0.00671641791044776 0.00489130434782609 0.00416666666666667 0.0038135593220339
0.09 0.0132352941176471 0.00671641791044776 0.00489130434782609 0.00416666666666667 0.0038135593220339
0.09 0.0132352941176471 0.00671641791044776 0.00489130434782609 0.00416666666666667 0.0038135593220339
0.09 0.0132352941176471 0.00671641791044776 0.00489130434782609 0.00416666666666667 0.0038135593220339
0.09 0.0132352941176471 0.00671641791044776 0.00489130434782609 0.00416666666666667 0.0038135593220339
0.09 0.0132352941176471 0.00671641791044776 0.00489130434782609 0.00416666666666667 0.0038135593220339
0.09 0.0132352941176471 0.00671641791044776 0.00489130434782609 0.00416666666666667 0.0038135593220339
0.09 0.0132352941176471 0.00671641791044776 0.00489130434782609 0.00416666666666667 0.0038135593220339
0.09 0.0132352941176471 0.00671641791044776 0.00489130434782609 0.00416666666666667 0.0038135593220339
0.09 0.0132352941176471 0.00671641791044776 0.00489130434782609 0.00416666666666667 0.0038135593220339

# CBratio3 
0.025 0.00384615384615385 0.00192307692307692 0.00140845070422535 0.00120481927710843 0.00109890109890110 0.00105263157894737 0.00103092783505155 0.00102040816326531 0.00101010101010101 0.001
0.025 0.00384615384615385 0.00192307692307692 0.00140845070422535 0.00120481927710843 0.00109890109890110 0.00105263157894737 0.00103092783505155 0.00102040816326531 0.00101010101010101 0.001
0.025 0.00384615384615385 0.00192307692307692 0.00140845070422535 0.00120481927710843 0.00109890109890110 0.00105263157894737 0.00103092783505155 0.00102040816326531 0.00101010101010101 0.001
0.025 0.00384615384615385 0.00192307692307692 0.00140845070422535 0.00120481927710843 0.00109890109890110 0.00105263157894737 0.00103092783505155 0.00102040816326531 0.00101010101010101 0.001
0.025 0.00384615384615385 0.00192307692307692 0.00140845070422535 0.00120481927710843 0.00109890109890110 0.00105263157894737 0.00103092783505155 0.00102040816326531 0.00101010101010101 0.001
0.025 0.00384615384615385 0.00192307692307692 0.00140845070422535 0.00120481927710843 0.00109890109890110 0.00105263157894737 0.00103092783505155 0.00102040816326531 0.00101010101010101 0.001
0.025 0.00384615384615385 0.00192307692307692 0.00140845070422535 0.00120481927710843 0.00109890109890110 0.00105263157894737 0.00103092783505155 0.00102040816326531 0.00101010101010101 0.001
0.025 0.00384615384615385 0.00192307692307692 0.00140845070422535 0.00120481927710843 0.00109890109890110 0.00105263157894737 0.00103092783505155 0.00102040816326531 0.00101010101010101 0.001
0.025 0.00384615384615385 0.00192307692307692 0.00140845070422535 0.00120481927710843 0.00109890109890110 0.00105263157894737 0.00103092783505155 0.00102040816326531 0.00101010101010101 0.001
0.025 0.00384615384615385 0.00192307692307692 0.00140845070422535 0.00120481927710843 0.00109890109890110 0.00105263157894737 0.00103092783505155 0.00102040816326531 0.00101010101010101 0.001
0.025 0.00384615384615385 0.00192307692307692 0.00140845070422535 0.00120481927710843 0.00109890109890110 0.00105263157894737 0.00103092783505155 0.00102040816326531 0.00101010101010101 0.001
0.025 0.00384615384615385 0.00192307692307692 0.00140845070422535 0.00120481927710843 0.00109890109890110 0.00105263157894737 0.00103092783505155 0.00102040816326531 0.00101010101010101 0.001
0.025 0.00384615384615385 0.00192307692307692 0.00140845070422535 0.00120481927710843 0.00109890109890110 0.00105263157894737 0.00103092783505155 0.00102040816326531 0.00101010101010101 0.001
0.025 0.00384615384615385 0.00192307692307692 0.00140845070422535 0.00120481927710843 0.00109890109890110 0.00105263157894737 0.00103092783505155 0.00102040816326531 0.00101010101010101 0.001
0.025 0.00384615384615385 0.00192307692307692 0.00140845070422535 0.00120481927710843 0.00109890109890110 0.00105263157894737 0.00103092783505155 0.00102040816326531 0.00101010101010101 0.001
0.025 0.00384615384615385 0.00192307692307692 0.00140845070422535 0.00120481927710843 0.00109890109890110 0.00105263157894737 0.00103092783505155 0.00102040816326531 0.00101010101010101 0.001
0.025 0.00384615384615385 0.00192307692307692 0.00140845070422535 0.00120481927710843 0.00109890109890110 0.00105263157894737 0.00103092783505155 0.00102040816326531 0.00101010101010101 0.001
0.025 0.00384615384615385 0.00192307692307692 0.00140845070422535 0.00120481927710843 0.00109890109890110 0.00105263157894737 0.00103092783505155 0.00102040816326531 0.00101010101010101 0.001
0.025 0.00384615384615385 0.00192307692307692 0.00140845070422535 0.00120481927710843 0.00109890109890110 0.00105263157894737 0.00103092783505155 0.00102040816326531 0.00101010101010101 0.001
0.025 0.00384615384615385 0.00192307692307692 0.00140845070422535 0.00120481927710843 0.00109890109890110 0.00105263157894737 0.00103092783505155 0.00102040816326531 0.00101010101010101 0.001
0.025 0.00384615384615385 0.00192307692307692 0.00140845070422535 0.00120481927710843 0.00109890109890110 0.00105263157894737 0.00103092783505155 0.00102040816326531 0.00101010101010101 0.001
0.025 0.00384615384615385 0.00192307692307692 0.00140845070422535 0.00120481927710843 0.00109890109890110 0.00105263157894737 0.00103092783505155 0.00102040816326531 0.00101010101010101 0.001
0.025 0.00384615384615385 0.00192307692307692 0.00140845070422535 0.00120481927710843 0.00109890109890110 0.00105263157894737 0.00103092783505155 0.00102040816326531 0.00101010101010101 0.001
0.025 0.00384615384615385 0.00192307692307692 0.00140845070422535 0.00120481927710843 0.00109890109890110 0.00105263157894737 0.00103092783505155 0.00102040816326531 0.00101010101010101 0.001
0.025 0.00384615384615385 0.00192307692307692 0.00140845070422535 0.00120481927710843 0.00109890109890110 0.00105263157894737 0.00103092783505155 0.00102040816326531 0.00101010101010101 0.001
0.025 0.00384615384615385 0.00192307692307692 0.00140845070422535 0.00120481927710843 0.00109890109890110 0.00105263157894737 0.00103092783505155 0.00102040816326531 0.00101010101010101 0.001
0.025 0.00384615384615385 0.00192307692307692 0.00140845070422535 0.00120481927710843 0.00109890109890110 0.00105263157894737 0.00103092783505155 0.00102040816326531 0.00101010101010101 0.001
0.025 0.00384615384615385 0.00192307692307692 0.00140845070422535 0.00120481927710843 0.00109890109890110 0.00105263157894737 0.00103092783505155 0.00102040816326531 0.00101010101010101 0.001
0.025 0.00384615384615385 0.00192307692307692 0.00140845070422535 0.00120481927710843 0.00109890109890110 0.00105263157894737 0.00103092783505155 0.00102040816326531 0.00101010101010101 0.001
0.025 0.00384615384615385 0.00192307692307692 0.00140845070422535 0.00120481927710843 0.00109890109890110 0.00105263157894737 0.00103092783505155 0.00102040816326531 0.00101010101010101 0.001
0.025 0.00384615384615385 0.00192307692307692 0.00140845070422535 0.00120481927710843 0.00109890109890110 0.00105263157894737 0.00103092783505155 0.00102040816326531 0.00101010101010101 0.001
0.025 0.00384615384615385 0.00192307692307692 0.00140845070422535 0.00120481927710843 0.00109890109890110 0.00105263157894737 0.00103092783505155 0.00102040816326531 0.00101010101010101 0.001
0.025 0.00384615384615385 0.00192307692307692 0.00140845070422535 0.00120481927710843 0.00109890109890110 0.00105263157894737 0.00103092783505155 0.00102040816326531 0.00101010101010101 0.001
0.025 0.00384615384615385 0.00192307692307692 0.00140845070422535 0.00120481927710843 0.00109890109890110 0.00105263157894737 0.00103092783505155 0.00102040816326531 0.00101010101010101 0.001
0.025 0.00384615384615385 0.00192307692307692 0.00140845070422535 0.00120481927710843 0.00109890109890110 0.00105263157894737 0.00103092783505155 0.00102040816326531 0.00101010101010101 0.001

# FIC.x1 
8.76010280547256 8.92507050552991 9.17154763578714 8.9087576212888 9.10673001287299 6.73106131386264 4.75133739802069 3.56350304851552 2.77161348217874 1.97972391584195
10.725634787819 9.75211180203973 9.46244865784903 6.55326864633251 5.89861081302897 4.52226828998888 3.34254612738308 2.35944432521159 1.76958324390869 2.35944432521159
10.4204746313512 11.9402239815398 10.3392860790544 6.7611237022912 4.33900920208766 2.92916344253529 2.24569197261039 1.65985928410333 1.17166537701411 2.0504144097747
9.32326733690268 11.6005069679971 12.6591444088351 7.38764295602051 4.47663289023143 2.15468820277242 1.45457951796608 1.11517763044066 0.824261726847443 1.60003746976268
8.13252442538431 10.3790500464196 12.2989730469558 9.04523177965205 4.89145989549055 2.22303010375819 1.06998649574951 0.722322811817946 0.553780822393758 1.20387135302991
7.3251604043193 9.05346537481513 11.0039722510472 8.78788157150388 5.9889722282163 2.42902709818567 1.10392407941221 0.531339569044476 0.35869489294208 0.872824239492394
7.14594903499262 8.15467407370715 9.59857417728217 7.86257556538455 5.81857711982425 2.97403559334711 1.20621915947010 0.548192474337564 0.263855421310348 0.611554302504906
7.07779983354712 7.95516850297588 8.64566668645774 6.85838832260304 5.2059193009592 2.88941988668167 1.47686236860874 0.598990707744477 0.272224326405084 0.434715603642752
6.90078328914263 7.87930196961726 8.4341488929759 6.17751536304837 4.54103313159905 2.58518301758039 1.43484345220876 0.733388147973671 0.297449982573523 0.351055979925082
6.5916713801465 7.84904865948896 9.34235557138685 6.88592899867955 4.67360887492951 2.57664426932937 1.46686818051700 0.814149787367129 0.416134459693980 0.367971147418066
6.21806245247483 7.51153600287963 9.71502665641608 9.53962281902983 6.8016288913899 3.46229461088756 1.90882502293433 1.08668267546523 0.603136996845715 0.580879720687304
7.754348890322 7.08579012609707 9.29727609859868 9.92016299003616 9.4228352036912 5.03877061305683 2.56493093311362 1.41409235708295 0.8050343260838 0.87714115794022
9.24992452659912 8.83646460956445 8.77031637121802 9.49359147672072 9.79871666020162 6.98060800937556 3.73281307998809 1.90014757004073 1.04758538385380 1.24618624894908
10.1685910353957 10.5407471183620 10.9371839766356 8.95550480236777 9.37736739421782 7.25906784117487 5.17136160478215 2.76533594405422 1.40766394187027 1.69926781966323
10.5916180052160 11.5876131038614 13.0466307034075 11.1681266081325 8.8458681773289 6.94692462766321 5.37764972190705 3.83103890255647 2.04861125366145 2.30167165935876
10.7330455251430 12.0696732871959 14.3423712951703 13.3221150724416 11.0314022429132 6.55318032351383 5.14640834187546 3.98386089843271 2.83810342315432 3.22276884708571
10.7319354105681 12.2308369506226 14.9390330989457 14.6452156997161 13.1590207782443 8.17226378121925 4.85471538707196 3.81255307072973 2.95131674222039 4.49000461101839
10.5539813251538 12.2295719200840 15.1385106858688 15.2544762352466 14.4659235148849 9.74844235885272 6.05416191334449 3.59646161496680 2.82440878211262 5.51266644442723
10.2079122887691 11.9623701228683 14.7195332423242 14.9513869077973 14.5737464652773 10.3652871347807 6.98506417944178 4.33799657019465 2.57697735440049 5.97377543842487
9.76526743276758 11.5646954610499 14.2441138772476 13.7468749964605 13.3629524804418 9.76907440151642 6.94805974935879 4.68222854232531 2.90784606063532 5.73174100572607
9.83612154113885 11.1227891198544 14.1610871008633 13.7537733930532 12.7028570290637 9.26106887323103 6.77036538089752 4.81528763709326 3.24497457235957 5.9875847777619
9.96706169097564 11.2087476489646 13.7670433043430 14.4601036234816 13.585394576935 9.41050794184522 6.86076856427785 5.0156100348416 3.5672528193821 6.83964819009534
9.65036108943173 11.3579604347664 13.8734370136803 14.0577394483805 14.2830776496279 10.0643078377440 6.97147574918895 5.08258236029738 3.71565530164473 7.70962188865185
9.31433651572587 10.9381651923121 13.6704601990189 13.7019505311124 13.4304139608706 10.2342723473151 7.2113916849968 4.99528065519975 3.64182939972311 8.18656883883203
9.04041962725567 10.5523501945270 13.0245485641337 12.7671240932860 12.2462561477244 9.00267570452848 6.86023791099351 4.83394040626808 3.34843675875443 7.92881245179615
9.43145440772511 10.2420256827968 12.5651418823846 12.1638939257698 11.4107456132722 8.20891098470688 6.03467399270346 4.59855499231261 3.24028715566316 7.55936620997165
9.79326438024446 10.6850347940510 12.1956250024867 11.7348445719231 10.8716025817262 7.64885152478961 5.50259758917118 4.04516294859906 3.08250359414440 7.23922414122127
10.0910024849604 11.0355112806956 12.3722859908975 11.0163448931379 10.1442934276515 7.04854201147958 4.95908960125811 3.56757800774768 2.62265850615318 6.69203376658267
10.3212782097873 11.3656859060110 12.6415954120563 10.5680541245122 8.9090012475424 6.15282498499202 4.27515683623492 3.00783988742514 2.16384544261549 5.64964644920264
10.6754819651266 11.6250497862659 13.0198229288787 10.7980905576451 8.54646512002557 5.40358240405257 3.73187699724358 2.59301369625654 1.82434711122995 4.73912239180376
10.7441561743081 12.0239961383172 13.3169340599615 11.1211617242913 8.73249731942034 5.18369312746012 3.27743840034158 2.26349781710455 1.57274230783437 3.98094548767878
10.6624205350557 12.1013451918492 13.7739421899401 11.3749455857853 8.99376740987374 5.29652736008682 3.14406881234623 1.98786687512670 1.37288082426653 3.36848192245060
10.5508705091657 12.0092848039488 13.8625484552399 11.7653089072046 9.19900433378886 5.4549956804127 3.21250623389947 1.90697413093428 1.20570220719149 2.87578187470324
10.4662556470196 11.8836439115832 13.7570898002024 11.8409938540405 9.51469409761297 5.57947816727233 3.30862212877028 1.94848352537800 1.15663827769049 2.47554523279822
10.4290946377672 11.7883406007808 13.6131634076597 11.7509140761276 9.5759010852592 5.77095368798909 3.38412457364792 2.00678076250286 1.18181499808671 2.20303066081407

# FIC.x2 
9.49505180870617 9.30831928266066 8.07445066618806 7.53347446789564 7.70088501162665 5.69195848685448 4.01785304954434 3.01338978715825 2.34374761223420 1.67410543731014
11.6254866241959 10.1708743115637 8.33055422086156 5.54161243655711 4.98801694299304 3.82414632296133 2.82654293436272 1.99520677719722 1.49640508289791 1.99520677719722
11.2947243534832 12.4529455602385 9.10250468995846 5.7173800153434 3.66917772706929 2.4769759089529 1.89901486353055 1.40361968173998 0.99079036358116 1.73388313626703
10.1054643257162 12.0986408602534 11.1448624664442 6.2471808026424 3.78555585574698 1.82205973626138 1.23002983423138 0.943022872910723 0.697016906064447 1.35303281765451
8.81482129483147 10.8247337231596 10.8277746631251 7.6488805246392 4.13634423562672 1.87985140464546 0.904808087657451 0.610814738904286 0.468291299826619 1.01802456484048
7.93972160950488 9.44222751753922 9.6876813599581 7.43125857275683 5.06442887865621 2.05404775883454 0.933506580858575 0.4493143990823 0.303321622679055 0.738082615185701
7.74547488954596 8.5048414885989 8.4503964584773 6.64879602652785 4.92033839453995 2.51492095323748 1.02000993032291 0.463565649046936 0.223122927366138 0.517146039829731
7.67160815386761 8.29676900896017 7.61147539197373 5.79962947872512 4.40225919290726 2.44336773640916 1.24887278557482 0.506521941119659 0.230199888659234 0.367606689962314
7.47974039872337 8.21764471353493 7.42525927487852 5.22386580047347 3.84001435542711 2.18609721867838 1.21334050965887 0.620171871621493 0.25153135200792 0.296861961453285
7.15475247333333 8.4541584442117 9.72729087406399 7.11212881711212 4.82713492481132 2.66128593002604 1.51505417200211 0.840894259189983 0.429804298468729 0.380058842012412
6.74922870778741 8.09062579207907 10.1153172146087 9.85299534291057 7.02505948740289 3.5760295059893 1.97152910740718 1.12237973593902 0.622949788874595 0.599961370726947
8.41674951655249 7.63205772154758 9.68035398101711 10.2460360955529 9.73237130442701 5.20429206964103 2.64918781573231 1.46054468537160 0.831479358907558 0.90595486930783
10.0400818803198 9.5176976391418 9.13168180642676 9.80545189072136 10.1206003057976 7.20991799275943 3.85543439093944 1.9625666039025 1.08199811504313 1.28712293349804
11.0372237426671 11.3533690673797 11.3878313741053 9.24968929957303 9.68540989688585 7.4975251107718 5.34123861865714 2.85617604545086 1.45390509947241 1.75508803975987
11.4963869933905 12.4809415026159 13.5841941369931 11.5349947840135 9.13645115835789 7.17512812638408 5.55430321207847 3.95688688971006 2.11590725594465 2.37728058758590
11.6498956924198 13.0001653406066 14.9333234371037 13.7597408468435 11.3937790819544 6.76844949048011 5.3154656517512 4.11472902269872 2.93133390507382 3.32863542343303
11.6486907484015 13.1737536575057 15.5545696393509 15.1263047630534 13.5912889749336 8.44071914633401 5.01419070831155 3.93779380622511 3.04826623318309 4.63749933946658
11.4555352709315 13.1723911014719 15.7622663488189 15.7555792462359 14.9411229067395 10.0686745151813 6.25303853926127 3.71460383869017 2.91718940093918 5.69375517610713
11.0760080515251 12.7812155966387 14.6964777388012 14.6893923150974 14.3183693024209 10.1836552100742 6.86266422711889 4.2619814385182 2.53182073203986 5.86909639610441
10.5957200307873 12.3563193981584 14.2218030327207 13.5059871819852 13.1287921771889 9.59788996995405 6.826308229228 4.60018140064947 2.85689159407056 5.63130315607926
10.6763536690305 11.9802826610232 14.7445697469428 14.2055789584124 13.1201404419627 9.56529101929413 6.99276898398069 4.97346777363257 3.35157059727165 6.1842743732891
10.8184791341629 12.0728680247094 14.3342900699829 14.9351118343962 14.0316689702996 9.71963909730904 7.08614187321629 5.18037067635088 3.68443554668034 7.06432770378752
10.4747249811529 12.2335841302906 14.4450675446772 14.5195301684716 14.7522706331198 10.3949160397722 7.20048574173694 5.24954301401431 3.837712986926 7.96287966574064
10.1064412902821 11.6869020201382 13.6490478798855 13.4618499323699 13.1950715235992 10.0549362073469 7.08502577399727 4.90774787120108 3.5780132724202 8.04311480465003
9.80923010974696 11.2746773007507 13.0041479494972 12.5434045482433 12.0316638218548 8.84492095114254 6.7400253013942 4.74923480298954 3.28976177895482 7.78987510760777
10.2335190587881 10.9431105252200 12.5454608457534 11.9507448410474 11.2107940189628 8.06506544695102 5.92892781915146 4.51797407031194 3.18350729177401 7.4269027078588
10.6260978795481 11.4164443966900 12.1765227476407 11.5292137603484 10.6810984426815 7.5148199628872 5.40617504168065 3.97427916867559 3.02848858679932 7.11237051941088
10.9453061521671 11.6963120841645 11.8454860358448 10.2954456352325 9.48046039819335 6.58729204566239 4.63457143773729 3.33411905532266 2.45103419798517 6.25411336530583
11.1950770060936 12.0462573981361 12.1033285226742 9.87649059325328 8.32600457756417 5.7501898996957 3.99539459017539 2.81100967161613 2.02224543018532 5.27993889445872
11.5792676301881 12.3211518556433 12.4654514781401 10.0914736583640 7.98719247356204 5.0499770492004 3.48766647333536 2.42332931659137 1.70496355058392 4.4289986757696
11.6537557938139 12.7439869123746 12.7499119050106 10.3934033514502 8.1610509006402 4.84447712024136 3.06296591118518 2.11537664692973 1.46982352909313 3.72043615580257
11.5651004202281 12.8259675878968 13.1874610714227 10.6305798355250 8.4052237218861 4.94992758671369 2.93832390370275 1.85778273478845 1.28304079320299 3.14805163075967
11.4441065758139 12.7283946707855 13.2722945677603 10.9953981480095 8.59703013435841 5.09802588906785 3.00228284469922 1.78218353576223 1.12680218773398 2.68759341115372
11.3523282244962 12.5952304656788 13.1713262401186 11.0661303430445 8.89206145668702 5.2143623589618 3.09210900572841 1.82097659443934 1.08094895567486 2.31354787899833
11.3120211664218 12.4942204410912 13.0335280939790 10.9819453011515 8.94926311657701 5.39330790152966 3.16267064156182 1.87545891514783 1.10447813514656 2.05886640452677

# FIC.y1 
9.60574734652198 12.7854779563602 13.5591654481769 12.8472619295491 11.2727513286946 8.34185720351086
7.08655056121990 13.9758914460125 14.6949865306401 13.4521769691951 11.0985322867682 14.3860510271933
5.65405914294425 10.3151188861317 16.0660529387539 14.5793341152032 11.6211626222023 18.6913434778049
4.47420647886516 8.23009696369723 11.8592814054917 15.9399233747483 12.5949699566564 22.2323770816943
4.16204484655961 6.51121186532725 9.4630331824677 11.7663983141802 13.7704512308207 25.5438001309498
4.38627034716745 6.05539189916204 7.48708508160128 9.38907177887425 10.1650110377794 28.8347460886736
5.00967617948238 6.37786053914421 6.84804134235257 7.18942962726989 7.84535255233831 27.6663871595408
5.7779563904163 7.28485618833987 7.20408677843603 6.36026042722023 5.62669469802168 23.5673145880026
7.10205226178439 8.40384195629471 8.2285175712611 6.69095965346483 4.97776384367655 19.3745716637555
7.86913123713372 10.3253771255200 9.33552741695653 7.39630791394396 5.06490608681012 15.6315679502002
8.08868988458936 11.4411796624059 11.4563549863585 8.11624649973242 5.2440342994448 12.4281123165978
8.22432904107822 11.7557898504904 12.6933699140946 9.95997576428512 5.75445863672574 10.6120081862585
7.92372458699294 11.9444847804508 12.8254235044755 10.6798755530679 6.83013364629188 9.50574030401577
7.55242743008207 11.5081481813955 13.0140631202437 10.4370028373485 6.85965660922521 8.8760413959088
7.70356410860684 10.9683979130944 12.5374965800374 10.5902691747530 6.70361143523601 8.54991097596684
7.86533824347247 11.1771342304923 11.7514356576815 9.87369137539097 6.57900536208169 8.01618568464102
8.09342648308443 11.4065532044310 11.9605063511424 8.4017767167076 5.04474862505108 6.30078764242797
8.62426415411736 11.7329519978729 12.2055263168969 8.55116458768584 3.78197457567727 3.77652744209813
9.4738123249128 12.5143333137001 12.9794130768964 9.31666933544111 4.11457057603374 2.6894014561996
9.66047619773178 13.7458850951176 13.8758074568767 10.5902991649402 5.11003095959417 2.76622694573962
9.04489646075674 14.0024526338001 14.7415269803563 10.6042423818868 5.43398537952165 2.99565855181382
8.38755663686478 13.1107623461340 14.9805901172648 10.5392259708013 4.77336412607082 2.80591933766762
8.5684527300058 12.1569248652685 14.0253582104237 10.7098964239483 4.7440601008988 2.52285608114328
8.78818697008003 12.4356195181625 13.4444834078634 10.7050835574576 5.1531800720741 2.58562343415699
9.13125114266487 12.7566495774565 13.7849497585325 10.9689231464660 5.87139641956664 3.14625151947034
8.72623956791714 13.2586312812696 14.1420341520451 11.2467807494498 6.01611393286895 3.66617562848552
8.44299677171254 12.6725846923100 14.7002206845555 11.5382968640680 6.16853673307714 3.93639802750353
8.17707051929663 12.2693495554590 14.2880950476279 12.3930501369185 6.54296551746717 4.24748726698227
8.11829421902535 11.8832387282201 13.8512271025165 12.4541473840395 7.50319706145659 4.84833571271443
7.82524967365185 11.7985672409914 13.4168559227525 12.0737344124581 7.54026918501415 5.54978339876807
7.80419572610868 11.3726024559201 13.3221595370921 11.6953594694194 7.31000714759484 5.881636599
7.8705419693374 11.3421948082528 12.8416148883158 11.6129691042997 7.08095615828524 5.92729807246171
8.01399327813928 11.4385577526190 12.8075046777665 11.1941871349668 7.031099290103 5.84490759495443
8.13819472663198 11.6470966769514 12.9164566246315 11.1645198738680 6.77756299363661 5.78549241128763
8.19535224891525 11.8277759401890 13.1521081710225 11.2595458616944 6.75961260037179 5.64488079885601

# FIC.y2 
6.90831200045312 9.19631580689453 9.52423824441935 8.80979551027331 7.72324451127025 5.7152372847684
5.09800004438772 10.0538336019388 10.3222032862748 9.22463128898675 7.60389056037242 9.85628742580527
4.06738175563426 7.42103659054705 11.2854285117841 9.99759661765105 7.96197022960814 12.8059762539826
3.21801343136973 5.92139297510573 8.33052948277844 10.9306419738558 8.6291658070369 15.2320557408467
2.99289967790408 4.68487574594982 6.64736171981949 8.06871634235613 9.43453617213885 17.5008273314803
3.15416303620179 4.35698335499104 5.2593900131469 6.43850167983675 6.96435439437257 19.7555721912164
3.60266115036145 4.5848820948563 4.691740212958 4.6938945567225 5.11294609328322 18.0306555271969
4.15582980611545 5.23686833046808 4.93568234561364 4.15254289456801 3.66701162842774 15.3592246600359
5.10887919907694 6.04125986112802 5.63754317444498 4.36845333008466 3.24409278025104 12.6267428082443
5.66104883617781 7.41594798075881 6.23806287262771 4.59758855704095 3.1398987736534 9.69051910208452
5.8175095860286 8.21689634066927 7.65516338026737 5.04509807179184 3.2509436635946 7.70458877629014
5.9148422981813 8.44219958995828 8.48165932197153 6.19115410846602 3.56736806102331 6.57872263414525
5.6989183102984 8.56926662356884 8.35819808424138 6.32053596854979 4.02770139647119 5.6055058615643
5.43176805806465 8.25571399420254 8.481005953544 6.1767731225295 4.04510287067438 5.23416774630929
5.53898815744588 7.8682843015153 8.17032269961231 6.2674492008008 3.95307481502300 5.04184242024144
5.65341159182517 8.01073466478636 7.46891514798107 5.56336394645236 3.69037759291732 4.49655708454614
5.81587116987399 8.17494372061306 7.60174243931755 4.30496731917322 2.32842367683131 2.90816678093237
6.19635884076185 8.40845289770449 7.75742610987377 4.38150440427459 1.74558383726610 1.74307818352935
6.80632107255108 8.98397226482634 8.67217010506205 5.26630821184513 2.0988227705044 1.37185788002104
6.9413630801562 9.86803090115215 9.27110314551939 5.98624007731183 2.60660349660295 1.41104683969549
6.49944709491708 10.0341647707539 9.3691507927844 5.43346693836806 2.50807412366189 1.38266327721735
6.02691755430651 9.39463778166423 9.52095691659924 5.40012951961256 2.20315740778485 1.29508624832613
6.15763159995175 8.71059389573498 8.91368934099134 5.48754437469333 2.18962534241648 1.16443464028416
6.31614140269729 8.92593183554247 8.98246075801551 6.05102230831066 2.62859205716628 1.31891429196076
6.56392815151568 9.15690530855709 9.20997065978932 6.20016138605168 2.9949486553499 1.60488823068953
6.27331431555093 9.51799435287321 9.44863923978207 6.35723520837946 3.06877105396760 1.87010030468124
6.06980695235861 9.09795280242669 9.82170292774495 6.52203739753411 3.14652576418399 2.00794160891891
5.87852359480348 8.81685313771114 9.7881308233402 7.3577573821669 3.50864325493905 2.27771479143262
5.83640996493988 8.54005363907839 9.48905311938076 7.39408169025166 4.02357784892676 2.59992547132245
5.62564593241707 8.4795966772358 9.19161448887976 7.16826451369654 4.04346778191135 2.97608242718834
5.61054928022548 8.17363349457492 9.12682064394374 6.94364198492907 3.91999594116545 3.15404261231443
5.65820510418613 8.15187051461465 8.7976647718892 6.89474275081217 3.79717191198278 3.178531299717
5.76133001919109 8.22118315530036 8.77433093608997 6.64611751564338 3.77043908132023 3.13435081260636
5.85065959256953 8.37113575453859 8.84899925440669 6.62851091846795 3.63448186045415 3.10249039651454
5.89177506480797 8.50106434298971 9.0104648596416 6.68493472225963 3.62485751608720 3.02708781165724

# FIC.z1 
9.14135717872082 15.4475271605496 13.2296759409164 9.65885402190092 7.1347366747601 5.30909343232072 3.89338937829847 2.83157426402354 2.12368733619305 1.5337788662577 1.17983340890390
13.5944044565855 16.4340067763827 14.2155759266230 10.2678448579794 6.01610876254252 3.52669843197106 2.58332037144417 1.89452469262046 1.37786667680829 1.03341244696359 1.32049210823279
17.7095698732042 24.4225823109937 15.1230180551374 11.0338035243890 6.39572946851047 2.97385161694471 1.71607033368262 1.25706475204436 0.921903772277314 0.67049558117433 1.14546590953105
19.2457923069576 31.8362100742619 22.4747428268758 11.7388758879618 6.87313217605271 3.16160352546827 1.44709477098640 0.835072354558112 0.611719052826155 0.448624512115198 0.883707027863655
16.1628192765310 34.6414380161361 29.3447721357934 17.7396861222186 7.5485770469365 3.51288048822139 1.59064715818495 0.72807070286675 0.420151040273562 0.307776929866719 0.670347850321694
10.5830142551651 29.1302924111408 32.1386957436983 24.8380485192686 13.3916255922638 4.69754971230473 2.15873475676230 0.977505353078189 0.447428050997445 0.258200808811246 0.601104483630404
5.98067073708432 19.080224387281 27.0414843477905 27.5486580326712 21.4246349256801 10.7439579407804 3.76898969518661 1.73205702468475 0.784307433089291 0.358998682824848 0.689478302422845
2.72449901392966 10.7781115891570 17.7101786988875 23.1785173832892 23.762600787236 17.1888275074129 8.62027328820291 3.02406666628174 1.38973816114433 0.629302726559992 0.841270427974004
1.94586892122179 4.90916195983202 10.0052197735314 15.1804740094483 19.9932875813028 19.0647900002175 13.7913940002421 6.9165975139123 2.42642647570884 1.11509326204934 1.17996211988247
2.13823036458403 3.50483041924319 4.55755177195029 8.57627899426542 13.0944907465829 16.0408008560297 15.2966875759526 11.0658033513974 5.54972570344001 1.94692193213849 1.84152510924044
3.16646586790453 3.84873813199648 3.25396843104102 3.90671725024198 7.39784973257244 10.5058871716315 12.8704377034769 12.2736558791986 8.8789920724549 4.45301964171909 3.0398161074271
5.05472332131697 5.697585706201 3.57306944187794 2.78920801967527 3.36986408150189 5.93534319412436 8.42941070316386 10.3268410465692 9.84810076319505 7.12434124905369 6.0121566160078
7.6744923949737 9.09384242367395 5.28885942305916 3.06247063879652 2.40581946746371 2.70359077178213 4.76213020579423 6.76337448775686 8.28587879851065 7.90180624314613 10.5403969013336
10.3071749563757 13.8087587935562 8.44169260108048 4.53266802000274 2.64137157893441 1.93007882996039 2.16912023708050 3.82081754758173 5.42655300217579 6.64817442093828 14.7972440099664
11.7468300997531 18.5595743470827 12.8213343911529 7.23477302058065 3.90926564894185 2.11897634188990 1.54847623955236 1.74031035514899 3.06552995214517 4.35388417011074 17.2064904208541
11.1084807351150 21.1616387254436 17.2347446736113 10.9888062303797 6.23965993838917 3.13602715785141 1.69997642426791 1.24232494515935 1.39625199693054 2.4594974044956 17.2982672005007
2.9266324239042 6.67007343395005 6.54998152595654 4.92403147401621 3.15915383514698 1.66847915548253 0.838626655731752 0.454616060663377 0.332233379785856 0.373400962352063 5.28390490311332
2.07685466952161 5.27062669017316 6.19314860198801 5.61402738707066 4.24687754929167 2.53428409169514 1.33854012242156 0.672808037594116 0.364731271615235 0.266547630139087 4.53885766642099
1.52403156068142 3.73932161118775 4.89365967117473 5.30797482501969 4.8419524917852 3.40686116658608 2.03313466874033 1.07387559911135 0.539783206354823 0.292620353125082 3.85537670513929
1.32193154313870 2.74141906977419 3.47131082659245 4.19383392623046 4.57778172026507 3.88413215616752 2.73311324107498 1.63110680271983 0.861541923725189 0.433057397833881 3.32789980353797
1.40261678334459 2.37400069422738 2.54433705402944 2.97465386111189 3.61674989484388 3.67211757400793 3.11593658026822 2.19263657598547 1.30857376811670 0.691188008143064 3.01734013121060
1.71031685489534 2.51659769026643 2.19954205786290 2.14417352634071 2.48507415616638 2.80602797419975 2.84921353455810 2.41775489602884 1.70136498734194 1.01539083345658 2.87768247294940
2.18620777702168 3.07146593193994 2.33144974161719 1.84773075963458 1.73250318827397 1.80933831813009 2.03673565216384 2.06815644457982 1.75500405785629 1.23500218016043 2.82598062245540
3.32490264775045 3.93185060664435 2.84602986072487 1.95854382295186 1.49293912842618 1.26136479797706 1.31325276768635 1.47835651500071 1.50118972540425 1.27389855287949 2.94777526481474
4.29930783142693 5.98705311898835 3.64424672664980 2.39092340636857 1.58247342527863 1.08693473559962 0.915508973426988 0.953204249633987 1.07306119679360 1.08964593151414 3.06436892038858
4.74937569692467 7.74311535454427 5.54994028985826 3.06177505417158 1.93189933578708 1.15214224739885 0.788916416823816 0.664515180751404 0.691887561812359 0.778893896161176 3.01528389205315
4.19871246808381 8.55179061998781 7.16702513166846 4.58623392549431 2.39676766763588 1.36048178670439 0.80885057174339 0.55386820918403 0.466537898320423 0.485759631388904 2.66384862352495
3.05295236873672 7.55700539768939 7.9139972311912 5.90412491592545 3.47257624045039 1.58405176511104 0.893540339162524 0.531253321927565 0.363785805863985 0.306428932016341 2.06873531468680
2.30141191047028 5.491961934254 6.99274915882006 6.5195891183328 4.47059450735175 2.29513904804782 1.04040723095583 0.5868935274469 0.348941286426909 0.238945980843205 1.56010143176915
1.92989498472237 4.13757015642786 5.08119713197024 5.76065844641359 4.93675934385102 2.95486405876675 1.50750293807354 0.683381643075653 0.385500124587404 0.229203187684941 1.18172318927315
0 0 0 0 0 0 0 0 0 0 0
0 0 0 0 0 0 0 0 0 0 0
0 0 0 0 0 0 0 0 0 0 0
0 0 0 0 0 0 0 0 0 0 0
0 0 0 0 0 0 0 0 0 0 0

# FIC.z2 
8.11099071186112 13.8046710373827 11.7049138235456 7.63352560007308 5.03594650843159 3.70335428849645 2.71588765438835 1.97522302668882 1.48142884653412 1.06992899350978 0.823028427061189
12.0558553787160 14.6857185264506 12.5777084682558 8.11504370762701 4.2464507245901 2.46007059262569 1.80204375860132 1.32157250072856 0.961168857697861 0.720888196908655 0.921152918060766
15.7127231326226 21.8243844752611 13.3810601690707 8.7206077621815 4.51447818405302 2.07445443307723 1.19708980527685 0.876905091214156 0.643105359042925 0.467728697134646 0.799064417240911
17.0906919964713 28.4500811624044 19.8866498284902 9.27809727991458 4.85154740584686 2.20545623110425 1.00947201513411 0.582538111158628 0.426730475740581 0.312957984660662 0.616471070698959
14.3637595829829 30.9611723422154 26.0275645068637 14.3761765230231 5.58833670741631 2.57617419967677 1.16651801926398 0.533941661540836 0.308125026897203 0.225714179100987 0.491613971526937
9.40781005271527 26.0473429802862 28.7770849550526 22.2457187210991 11.9948229413368 4.20771074940452 1.93365702113617 0.875592200628337 0.400781052220892 0.231282497500438 0.538438741193671
5.31468914325197 17.0594615463172 24.2122359987716 24.6732354192966 19.1899503423025 9.62364767461894 3.37603011939253 1.55148013318710 0.70254092911203 0.321572853702107 0.617601457608148
2.42073484135627 9.63728972111362 15.8573815064446 20.75936452134 21.2842019750197 15.3965936098377 7.72156454439702 2.70880818213575 1.24486172234303 0.563701171662577 0.753574333959254
1.72837967785775 4.38981583769711 8.95861979613313 13.5961613409973 17.9081066298027 17.0770286735238 12.3536202675926 6.19556853829065 2.17348684307684 0.998854531166191 1.05696412714138
1.89830701340384 3.13418788014097 4.08087339247322 7.68126614162005 11.7288654095266 14.3683825088274 13.702029216272 9.91226623002474 4.97121695406192 1.74397751213338 1.64957129420789
2.81053667279066 3.44167029363427 2.91359917364174 3.4990002184452 6.6263139903884 9.41053105089122 11.5287057178079 10.9942036297572 7.95343486029541 3.98884216554365 2.72295642109761
4.48599934583465 5.09465845474901 3.19916995686141 2.49806523972418 3.01837666871433 5.31646941650053 7.55059433591006 9.25026729259942 8.82146320798091 6.38166732940858 5.38543748677678
6.81114627269751 8.1316346667642 4.73514584745453 2.74271317725691 2.15483941062929 2.42165187007652 4.2655932678934 6.05821830228883 7.42201149775241 7.07800603033128 9.44154282761801
9.15238031743316 12.3495189127946 7.55796445223599 4.05932222800975 2.36577454621348 1.72877835186233 1.94292538476773 3.42241363427073 4.86073565470965 5.95500396783357 13.2544625989034
10.4345554650831 16.5997195602478 11.4795093614880 6.47920631005858 3.50132386000948 1.89794363371061 1.38698018572604 1.55882129109215 2.74585161635344 3.89987058789394 15.4122979015535
9.86720804567262 18.9262552992417 15.4314826419880 9.8412599828427 5.58850396452298 2.80887596876070 1.52266259618088 1.11275556125544 1.25063394547824 2.20300039063331 15.4943217632659
2.59912947396760 5.965216325103 5.86462632775661 4.40986715128309 2.82948299787884 1.49442174866613 0.751152851679104 0.407200130275923 0.297582986988676 0.334458273200905 4.73285450984768
1.84419301619065 4.71371063645845 5.54503996323582 5.02782461197526 3.80371674042576 2.26991426156509 1.19892638527810 0.602636758066569 0.326692431019833 0.238749515387613 4.06551731764404
1.35246300571956 3.34388529199675 4.38129721031752 4.75360379948659 4.3366338653678 3.05143851497543 1.82105937749566 0.9618682658169 0.483484739930222 0.262101604946807 3.45329504599193
1.17173871508141 2.45111551898017 3.10770968202602 3.75572667841358 4.09996914527399 3.47888236338547 2.44800351087573 1.46096851683550 0.771679268623235 0.387889297615590 2.98081109772033
1.24244764019610 2.12238438840629 2.27776952687875 2.66386013800605 3.23920379561652 3.288954069151 2.79086633084933 1.96390907283814 1.17207394127505 0.619091767023576 2.70262066459696
1.51594497759222 2.24971147457957 1.96442760597359 1.87271653249269 2.12211143447572 2.39063175664362 2.4274772514247 2.05990366694450 1.44955367760831 0.865111689732924 2.45179358699519
1.93971279304127 2.74608946446023 2.08224300095548 1.6137834447454 1.47943335125345 1.54146176730545 1.73523098329906 1.76201917810698 1.49522870766262 1.0522027972365 2.40770403895538
2.95259175842172 3.51594758700019 2.54188053006744 1.71055836368534 1.27484829345603 1.0746028249877 1.11883279383528 1.25950731594573 1.27896715047355 1.08532778105173 2.51143933055384
3.81834868220142 5.35419832275803 3.2549638266155 2.08822875742693 1.35131419844243 0.926003666275602 0.779975409865687 0.81209850743908 0.914217282826877 0.92835165441948 2.61078027629529
4.21767789566676 6.92494677444908 4.95737122101533 2.67423279308522 1.64972799089288 0.981568894893408 0.672130812852568 0.566150307718206 0.589473612046085 0.663604224638457 2.56898185472904
3.72758453843705 7.64703549942605 6.38682945805061 3.90693544576349 1.9515401308006 1.10255278486955 0.655514372041822 0.448873515291675 0.378099653616116 0.393679295954415 2.15889985213422
2.70946746033120 6.75703875485137 7.052532044318 5.02970048561441 2.82754500966543 1.28375284874803 0.724157435133759 0.430550263399009 0.294828613734446 0.248344944851364 1.67661040162317
2.04162795654632 4.91009557459645 6.23153354078644 5.55408897033193 3.64024944341408 1.86007024523165 0.843199322726562 0.475652072630496 0.282802995593513 0.193656883668001 1.26440904245760
1.71196170844613 3.6990177195133 4.52805814122953 4.90759678163857 4.01988624214761 2.39477169147453 1.22177498174665 0.553859302616095 0.312436799088895 0.185763250378651 0.957759299074019
1.85674667253057 3.10240088341979 3.42468371502764 3.71781489341277 3.84551027746707 2.87440535749688 1.70972864336411 0.87229109461038 0.395433194865658 0.223068753945299 0.816440520643963
2.41076047790940 3.36552742656802 2.87248662844747 2.81414870790718 2.93765891859933 2.79378396233803 2.08669385227623 1.24120878396544 0.633260535388317 0.287075996813447 0.75466674680408
2.8279022507366 4.37094637912812 3.11625268376139 2.36043255218164 2.22365833370228 2.13426230812972 2.02820087682175 1.51489892121493 0.901100015481529 0.459741033996468 0.756300314382063
3.24531566039569 5.12833227473576 4.04741763857662 2.56078756084868 1.86516879546916 1.61554782932976 1.54942706908685 1.47245142726488 1.09980791652340 0.65419740041201 0.88285015529152
3.2985668195577 5.88584113417248 4.74887755197701 3.32601591091381 2.02350312477983 1.35510632633391 1.17286088974855 1.12487538856444 1.06899921212808 0.79846492774276 1.11590977646534

# FH1 
0 4.36499726459229e-06 3.61379762956075e-05 0.99995949702644
0 0.000331104365577943 0.0222858476038204 0.977383048030602
0 0.0244936142484284 0.0208195611606182 0.954686824590953
0 0.0686067409502211 0.0827330130286902 0.848660246021089
0 0.0442389375804676 0.308511288760091 0.647249773659441
0 0.111463162514901 0.36207578574547 0.526461051739629
0 0.172473068340163 0.464196838705288 0.363330092954548
0 0.228700697007101 0.46977197745546 0.301527325537439
0 0.294143565339392 0.424129255490055 0.281727179170553
0 0.369612788917359 0.350114449174929 0.280272761907712
0 4.60367728089426e-06 1.21295754240187e-05 0.999983266747295
0 0.000354214574664696 0.00757380401703478 0.9920719814083
0 0.0261787387212932 0.00706989970631334 0.966751361572393
0 0.0744969546449311 0.050347445635048 0.875155599720021
0 0.045601179919785 0.213017908442961 0.741380911637254
0 0.089558939887271 0.386496287054576 0.523944773058153
0 0.110657133367285 0.592350306044907 0.296992560587807
0 0.123208466897143 0.664985420267054 0.211806112835803
0 0.154086048354999 0.651730397067709 0.194183554577292
0 0.205131591928021 0.59051799016455 0.204350417907429
0 5.46337021508167e-06 1.76138486450278e-05 0.99997692278114
0 0.000418563670367973 0.0109793308261117 0.98860210550352
0 0.0308225762107089 0.0101727139404587 0.959004709848832
0 0.0884746844124302 0.0342631027983649 0.877262212789205
0 0.0609455436441492 0.148023629959680 0.791030826396171
0 0.152415002208330 0.169974295914084 0.677610701877586
0 0.221557348081254 0.329484764458142 0.448957887460603
0 0.228163922526535 0.475806771435318 0.296029306038147
0 0.236675970101371 0.533006804857665 0.230317225040964
0 0.265947162872071 0.521839277529327 0.212213559598602
0 6.75107621180754e-06 1.77112814172099e-05 0.99997553764237
0 0.000517284488589015 0.0110447202997041 0.988437995211707
0 0.0378052022524218 0.0101711288644620 0.952023668883116
0 0.104705657329476 0.0546203871524772 0.840673955518047
0 0.0650136856773085 0.234470497948679 0.700515816374012
0 0.136153098798236 0.347356781565366 0.516490119636398
0 0.181391025322624 0.5005165238101 0.318092450867276
0 0.203764495322276 0.564052382095927 0.232183122581797
0 0.232226605781192 0.566724524090307 0.201048870128500
0 0.275729931783339 0.526238617096053 0.198031451120608
0 6.48575623232827e-06 1.89406840774316e-05 0.99997457355969
0 0.000496421268911387 0.0117980761183926 0.987705502612696
0 0.0363500870221837 0.0108691443824022 0.952780768595414
0 0.102899302111441 0.0374004369448479 0.859700260943712
0 0.070253005868782 0.165431994692802 0.764314999438416
0 0.166826927341837 0.212390442173124 0.62078263048504
0 0.23209007357205 0.372030503543089 0.395879422884861
0 0.244756781675196 0.485838858028133 0.269404360296671
0 0.261645086561982 0.520449023493288 0.21790588994473
0 0.297968972317439 0.496609978612574 0.205421049069987
0 6.22347160762154e-06 2.45519082609103e-05 0.999969224620131
0 0.000474595347658927 0.0152432291334689 0.984282175518872
0 0.0348140691326275 0.0140594633149352 0.951126467552437
0 0.0957769345587465 0.0700767877938631 0.83414627764739
0 0.0584647578259614 0.283367070497886 0.658168171676153
0 0.128532783037070 0.382977984924862 0.488489232038069
0 0.181661318114503 0.505280782144036 0.313057899741461
0 0.222669717934726 0.532211996789126 0.245118285276148
0 0.269274257596584 0.508266112978605 0.222459629424811
0 0.327950443557393 0.449409224679808 0.222640331762799
0 5.58511816240464e-06 2.15220742426953e-05 0.999972892807595
0 0.000426778027124353 0.0134022611161674 0.986170960856708
0 0.0314132411434823 0.0124053556726617 0.956181403183856
0 0.0888302546353396 0.048954686835138 0.862215058529522
0 0.0571762339978024 0.209858726443629 0.732965039558568
0 0.133595577834319 0.277763353349078 0.588641068816603
0 0.190050848317841 0.429336066362952 0.380613085319207
0 0.217183149801290 0.50531008779463 0.277506762404080
0 0.249917000852612 0.511232469990345 0.238850529157042
0 0.29855258206414 0.467925161889213 0.233522256046647

# FH2 
0 0 0.00455915932544571 0.995440840674554
0 0 0.150226861450281 0.849773138549719
0 0 0.273773729772259 0.726226270227741
0 0 0.351925194450563 0.648074805549437
0 0 0.397219786473752 0.602780213526248
0 0 0.423591996211574 0.576408003788426
0 0 0.00154033296649637 0.998459667033504
0 0 0.0655362036804368 0.934463796319563
0 0 0.172036069378555 0.827963930621445
0 0 0.268140822296205 0.731859177703795
0 0 0.329626454663383 0.670373545336617
0 0 0.366502600428977 0.633497399571023
0 0 0.00222525429191308 0.997774745708087
0 0 0.0775409049386798 0.92245909506132
0 0 0.152011093655588 0.847988906344412
0 0 0.210599672746655 0.789400327253345
0 0 0.250026162539008 0.749973837460992
0 0 0.274966880742664 0.725033119257336
0 0 0.00224366674127097 0.99775633325873
0 0 0.0862887316254206 0.91371126837458
0 0 0.195154656912170 0.80484534308783
0 0 0.284433279088061 0.715566720911939
0 0 0.340584987488838 0.659415012511162
0 0 0.374173192072323 0.625826807927677
0 0 0.00239294438203482 0.997607055617965
0 0 0.0838070185484165 0.916192981451584
0 0 0.166867697843022 0.833132302156978
0 0 0.23250471706138 0.76749528293862
0 0 0.275926500925888 0.724073499074112
0 0 0.302995753635102 0.697004246364898
0 0 0.00310600193805793 0.996893998061942
0 0 0.113027993609445 0.886972006390555
0 0 0.235443959393399 0.764556040606601
0 0 0.325853021147613 0.674146978852387
0 0 0.380195693527662 0.619804306472338
0 0 0.412040901689834 0.587959098310165
0 0 0.00272050008280691 0.997279499917193
0 0 0.0964542970392593 0.90354570296074
0 0 0.192750784636481 0.807249215363518
0 0 0.265204524297059 0.73479547570294
0 0 0.311116898385582 0.688883101614418
0 0 0.339041340011233 0.660958659988767

# FH3 
0 0 0 1
0 0 0 1
0 0 0 1
0 0 0 1
0 0 0 1
0 0 0 1
0 0 0 1
0 0 0 1
0 0 0 1
0 0 0 1
0 0 0 1
0 0 0 1
0 0 0 1
0 0 0 1
0 0 0 1
0 0 0 1
0 0 0 1
0 0 0 1
0 0 0 1
0 0 0 1
0 0 0 1
0 0 0 1
0 0 0 1
0 0 0 1
0 0 0 1
0 0 0 1
0 0 0 1
0 0 0 1
0 0 0 1
0 0 0 1
0 0 0 1
0 0 0 1
0 0 0 1
0 0 0 1
0 0 0 1
0 0 0 1
0 0 0 1
0 0 0 1
0 0 0 1
0 0 0 1
0 0 0 1
0 0 0 1
0 0 0 1
0 0 0 1
0 0 0 1
0 0 0 1
0 0 0 1
0 0 0 1
0 0 0 1
0 0 0 1
0 0 0 1
0 0 0 1
0 0 0 1
0 0 0 1
0 0 0 1
0 0 0 1
0 0 0 1
0 0 0 1
0 0 0 1
0 0 0 1
0 0 0 1
0 0 0 1
0 0 0 1
0 0 0 1
0 0 0 1
0 0 0 1
0 0 0 1
0 0 0 1
0 0 0 1
0 0 0 1
0 0 0 1
0 0 0 1
0 0 0 1
0 0 0 1
0 0 0 1
0 0 0 1
0 0 0 1

# Eof 
 54321 

